3411
2532
5431
3542
1353
3221
5344
5114
1115
1111
3555
3141
3313
3153
3313
3313
3333
1133
5555
5555
5555
5555
5555
5555
5551
5111
1111
1111
1111
3511
3313
3313
3313
3313
3313
3313
2222
1222
1111
1111
1512
2322
3453
5344
2334
3234
5234
3443
2121
3231
1211
1111
1111
5555
5551
5111
1111
1111
1111
5511
3333
3333
3333
3333
2222
3333
3332
2221
3432
2221
3433
2332
1515
3513
3513
3111
1311
3135
3232
3333
2222
2232
2222
3233
2342
2434
1334
2433
1333
3243
3223
2425
1111
3311
3212
3323
2241
5342
5431
3212
5423
3242
3353
3333
3333
2222
2222
4444
3232
3343
1111
3332
2342
3434