3533
3353
2323
5345
4432
5244
5554
4555
1111
1111
2554
3555
5353
5555
5533
5535
3535
5533
5555
5555
5555
5555
5555
5555
2222
1211
1111
2222
2222
5555
3133
3143
3143
3133
3243
3133
3333
3445
3334
1111
3544
5555
5435
2453
2435
5235
5345
5354
2211
5555
1111
1111
1111
5555
5555
5555
2222
2222
1111
5555
3333
5455
3333
4322
3232
5444
3333
4434
3323
2211
3223
4333
3343
4223
4333
2443
4532
2432
3333
5555
2222
3333
2222
5555
4554
3334
4445
5443
3245
3343
5533
5555
2221
1111
2222
5543
4321
5453
2222
3322
3342
3432
3333
3333
3333
3333
3333
3333
4334
4444
2222
3333
2222
4444