5432
4253
4342
2423
3435
3523
5453
4555
1111
1111
4555
4554
5353
3333
1313
3333
5555
3333
5555
5555
5555
5555
5555
5555
2222
1211
2222
2222
1111
5555
5335
4535
4554
5435
3445
4545
3234
5252
3232
1111
5525
5555
5333
3453
2435
5435
5345
3245
2121
3231
3233
3333
1221
5555
2222
5555
2222
2222
1111
5555
3333
3232
4333
2222
3333
2322
3333
3443
3323
2221
2333
3434
3533
4334
2352
3442
2433
1434
2222
3333
2222
2322
2222
3333
5345
4432
5322
4332
4332
4332
5333
4332
3222
3322
4342
5332
3442
4343
3222
3122
4324
3233
5555
5444
2222
1111
1111
4333
2322
3434
4333
3334
3332
2422