3325
4423
3532
2343
3352
5342
5354
3555
2532
1111
2555
4555
5353
3333
3333
3333
1333
5153
5555
5555
5555
5555
5555
5555
5551
5111
1111
1111
1111
3511
5455
4344
3433
3434
3444
4434
5223
2323
2333
1111
4511
2233
5453
5344
3534
2334
5234
3443
5555
3231
1211
1221
1231
5555
5551
5111
1111
1111
1111
5511
5545
5555
2222
2222
3333
4433
3333
4334
3234
1111
3334
3334
4313
3133
3314
4343
4313
5331
3333
3334
2222
2233
4324
4224
3331
1341
3422
1221
3212
2331
3344
2434
3222
2323
2222
4443
5342
4534
2212
3212
3422
3422
1322
3333
5442
2222
1223
3333
3343
3344
1212
3324
2222
4444