3333
1123
3333
3333
3333
3323
3322
4333
3223
2222
4323
3333
2434
2434
2434
2434
2434
2434
3434
1111
4343
4433
4334
4434
4454
1111
4444
3333
3333
4343
5455
1111
3545
5444
3544
4343
4434
1111
4444
4444
5433
4443
4444
1111
4444
5555
3333
1111
4334
2121
4434
4434
3443
4343
2233
1111
3322
2232
2323
2343
2222
1111
2322
2222
2222
3333
4354
1111
4443
1111
4343
1111
3333
1111
3322
4444
1111
1111
4335
2112
4435
2213
2223
4534
3333
1111
3333
5555
4333
4444
3335
1111
3335
5555
1111
1111
1111
1111
2222
5555
3333
1111
3445
1111
3445
3455
1111
1111