3333
1133
3333
3233
2433
2333
5433
1223
5433
3433
4434
4332
4445
3435
5455
3435
4445
3435
4434
1111
4343
3343
3333
3343
4343
1111
4434
4444
4343
3333
5455
1111
3535
4555
3545
2333
4443
1111
4434
3343
3443
2333
4445
1111
3344
4444
4343
1111
4344
2121
4444
5544
4343
2343
5454
1111
3523
1511
2554
3352
4353
1111
3343
1253
2222
3343
5455
1111
4343
1111
4343
1111
3333
1111
3333
5555
1111
1111
4335
1111
3234
3412
1423
4214
4244
1111
2222
5555
2331
2221
3344
1111
3345
5555
3331
1111
4444
2222
4444
5555
3333
1111
3333
2222
3333
3333
3232
1221