3333
1232
3333
3333
3333
3333
3332
3332
4334
3322
2222
4333
3344
3244
3444
2345
2345
2334
3333
1111
4334
3444
4444
3333
3333
1111
4343
2222
3333
4444
5455
1111
3545
5444
3544
4343
4334
1111
4444
4444
5543
4333
3333
1111
3333
4444
4443
1111
3333
1111
4444
4444
3444
3433
1111
1111
3322
4233
1413
4323
3333
1111
3343
2232
3343
2222
4344
1111
5444
1111
4333
1111
3333
1111
3222
4444
1111
1111
4355
1111
3344
2222
1122
3322
2222
1111
2332
5555
3433
3333
3344
1111
3334
5555
1111
1111
1111
1111
2222
5555
3333
1111
3445
1111
3445
3335
1111
1111