3333
1123
3333
3233
3333
3233
4333
3233
4322
3211
4322
3211
2343
2343
4344
2334
3334
2233
4343
1111
4433
3433
3443
3333
4454
1111
4444
4444
3333
3333
5455
1111
3545
5444
3544
4343
4454
1111
4444
3443
4444
3223
3333
1111
4333
5444
3333
3233
4334
1111
4344
4444
3223
2322
4355
1111
3333
1111
2322
4242
3343
1111
4354
2322
2332
2232
4354
1111
4443
1111
4343
1111
3333
1111
3333
4444
1111
1111
3455
1111
3555
3333
2321
4524
3333
1111
1111
4444
3333
2332
3331
1111
1111
5555
3331
1111
4441
1111
4441
5555
2222
1111
3455
1111
3455
3455
1111
1111