3443
4334
3434
4443
4344
3443
4335
4445
4335
4335
4435
4355
4343
4343
3433
4343
4343
4333
1432
3432
4433
4432
4332
3433
1433
3423
4443
4433
3323
4443
3445
2335
2444
1445
1244
1345
5453
3443
5555
3453
3443
3444
5443
4344
3433
4344
3444
4334
3453
4453
5345
5433
4333
4353
4433
3443
2232
3343
4434
4444
3344
4334
3233
4334
4443
3334
5555
5545
4445
5544
4433
5433
5454
4355
5534
3443
4435
4344
5543
4432
5432
4433
5444
4332
2222
3231
3222
2222
2222
3333
4322
4322
4322
4322
4322
4322
5334
4245
2233
4533
2353
2434
5544
4445
4333
5544
4455
5533
2232
3323
3323
2223
3322
2232
3223
4444
3221
3221
2223
3343
2233
3322
2323
3332
2332
2323
4534
5355
4455
5335
4555
4444