3443
3432
3444
4433
4333
4444
3433
4433
3433
4435
4444
5535
3433
3433
3333
4444
3333
4454
1323
1323
3523
3532
3543
3534
4444
2222
4333
5333
4323
5454
3343
3232
4325
2134
2213
3432
5555
3333
5543
5555
5435
3433
5433
3244
5444
5443
4344
3434
5433
4353
3535
4534
4443
3534
3434
2433
2434
4444
3444
4444
3433
3423
3432
4433
5443
3443
5433
3454
5444
5444
5433
4444
3433
3444
5444
5445
4433
3443
5444
5333
5222
5322
4333
4222
3432
2432
3423
4321
4312
3222
3122
2332
3333
3323
3322
3333
5452
3443
5432
4532
3454
2542
5455
5543
4453
4352
5535
3525
2323
3223
2333
2233
3222
3323
3424
2324
3223
1231
1212
1232
3223
3223
3223
2332
3223
2232
5455
3444
2222
4434
5454
3334