3434
3343
3433
4433
3433
4444
4335
4435
4435
4445
4435
5545
3444
4344
4444
3333
4334
3243
3232
3432
3432
3432
3432
3432
4333
4322
4322
4444
4444
5555
1245
1445
1235
1334
1445
2334
5343
3443
5545
5555
4444
4444
5443
4334
4343
4433
3444
4344
3453
4334
5434
3345
4343
3334
3333
4344
3333
3333
4444
4444
3323
3333
4333
3333
3333
4333
4344
4443
5434
4454
5544
3454
4443
4545
3444
4444
3553
5343
4333
5433
4443
3322
4432
4432
4324
5334
4343
4343
3333
3233
4322
3322
4332
3322
4322
4422
4453
5324
5243
5432
3455
2345
4454
3453
5434
4344
4443
5434
3323
3233
3332
2232
2333
3233
1323
3223
4333
2334
2221
3221
3223
3322
2332
3332
3222
2233
4444
5334
4523
4354
5345
4444