3434
3433
4433
3443
4433
3343
4335
4335
4435
4345
4435
4435
3234
3434
3234
3534
3234
3234
2532
2534
3433
2433
2434
3333
4322
3222
3222
4333
4322
4322
4232
2413
5232
1423
3224
2123
5445
3443
5555
3443
4455
4343
4434
3344
4434
3443
4343
3434
4433
5343
4333
5345
3453
4353
4433
3443
2232
3343
4434
4444
3243
3324
4333
4223
4334
3434
5544
5555
4334
4444
5454
4334
3435
4444
5535
3443
4444
3353
3332
4433
3333
4444
5333
4443
2324
2222
3333
2322
1222
3343
3422
4422
4422
4322
4322
4322
5433
4353
2435
4523
3543
5344
5453
5444
4545
4434
4544
5443
3332
3223
2232
3322
2332
2232
2221
3331
2222
3434
3434
2233
3332
3322
3332
2332
3332
2323
5434
4434
4434
5334
5434
4434