4455
5455
3454
2432
4454
2134
4334
5444
4222
2221
1111
1111
2232
2232
3333
1111
1111
1111
2355
1245
2355
4455
3355
2225
4325
2433
3122
1111
1111
2222
4244
1111
4243
3121
2121
2121
2222
2331
3332
1111
2222
1111
1111
1111
3333
1111
1111
1111
4242
1111
2121
3242
2232
3232
4423
2222
3333
1111
2222
3333
4333
2222
4333
1111
1111
1111
3333
2111
4433
2111
3211
3122
4335
3223
4335
1122
3223
3223
2333
2232
2322
2123
2232
3323
2243
2223
3243
3344
2233
3343
3243
4231
1313
4232
4343
3224
2232
1111
3333
1111
1111
2222
2222
3332
4432
2322
2221
2111
3432
2344
4334
3222
4544
2111