3555
4354
3235
2122
1111
2232
3223
2222
4322
4222
2111
1111
1111
1111
2332
1111
2211
1111
3355
2255
4455
2244
3355
3344
2123
2221
2111
1111
2222
2222
4244
1111
4243
3122
2121
3121
2222
3343
3333
2221
4343
2222
1111
1111
3333
3321
1111
1111
1141
2222
2233
3211
3222
2222
4433
3332
4322
3231
3432
4433
4332
2222
4432
1111
1111
1111
3433
2222
5544
1111
2222
3232
3232
3232
4335
2122
4333
3222
1123
1232
2332
1322
2123
3232
2243
2233
2233
3244
1233
2344
5432
3211
3221
3212
4123
3421
3333
1111
4333
1111
1111
2121
2222
1111
5555
2232
3333
4444
4323
1111
4333
3222
4333
3232