2342
4352
4444
2222
2133
3442
5122
2222
3212
2421
4112
2221
2121
1111
3232
1111
1111
1111
2355
1245
2355
4455
3355
2225
3214
2222
3222
1111
1111
1111
4244
1111
4243
3121
2121
2121
1111
2232
2222
2222
2221
2222
1111
1111
3333
1111
1111
2222
1111
2243
2222
2121
2121
2121
4231
3332
4322
3251
4321
4352
4333
2222
3222
1111
1111
1111
4323
1212
3333
1111
2321
3122
4335
3223
4335
1122
3223
3223
1123
2132
2332
1232
2123
3323
2333
1233
2333
3343
2233
2343
3423
3232
4545
2343
3232
3322
2222
1111
3333
1111
1111
2233
2111
2222
2222
2222
2222
2222
3233
2322
4432
3323
4434
1222