4554
1111
3454
1111
3343
4555
5223
4222
3122
2222
2111
1111
3252
3352
3454
1111
1111
1111
2555
2222
3333
2222
5555
3333
2235
3134
2122
1111
1111
1111
4244
1111
3243
1111
1111
1111
3242
2222
3332
1111
1111
1111
2222
1111
3332
1111
1111
1111
3242
1111
3232
1111
1111
1111
4323
3333
4323
4332
4453
4333
4333
2222
3333
3211
1111
1111
4323
1211
3311
1111
1111
3321
4335
4335
4333
3121
4335
3222
1153
2132
1232
1221
2222
3332
3354
1111
2453
1133
3344
3453
5343
3412
1223
2112
4524
3442
4433
1111
3333
1111
1111
1111
4454
1121
2222
2222
2111
3333
3222
1112
4321
3122
4334
2323