4444
3333
2443
3432
2332
3332
5354
3535
4533
3534
3533
4544
3332
1111
3432
3442
3442
3432
3333
1333
3333
2332
4333
1343
3333
1111
3333
4444
3333
4444
5354
3535
4555
3534
3555
3433
4354
2222
4544
4544
4543
1524
3432
4433
5443
3433
4333
5433
3332
2333
3333
2332
3333
3322
1233
1333
1333
2332
2222
2222
3434
1111
4343
3443
4433
3333
3331
2111
3221
3322
3322
2222
3343
4351
3431
2323
4534
4435
4444
3242
4242
3422
3232
1333
3333
3333
3333
3333
3333
3333
5354
3535
4555
3534
3555
3433
5434
3535
4555
3534
3555
3433
4453
1111
1111
3435
4444
3333