4444
3332
4443
3332
3432
4432
3333
2222
3332
4444
3333
5555
1111
1111
3442
3442
3442
3432
4333
3333
4332
3322
4332
2222
3333
3432
4332
3232
3332
3333
3333
4444
5555
4444
3333
5555
4344
1111
4444
4534
4544
3333
4533
4443
4344
4443
3443
4443
2333
3433
3332
3343
3233
2333
2223
2222
3333
3333
2222
3333
3223
1111
4344
3343
3333
3233
3322
2222
3333
3332
3222
1132
3234
1112
3433
4343
3432
4434
3212
3333
2222
2222
4444
4444
3333
3333
3333
3333
3333
5555
5444
4444
3443
4444
4444
5445
4444
5345
4433
5444
5454
5454
3333
1111
2544
3434
4444
3333