3333
2221
3332
2221
3331
4444
2222
3333
3222
3332
4121
4424
1111
1111
3442
3442
3442
3432
3343
3333
3333
3343
4433
2232
3233
3432
4444
3333
3433
3333
3333
5555
5555
5555
4444
3333
3333
1111
4444
4333
4513
3443
4443
4433
4443
4443
3333
4433
4443
3332
3323
3322
4433
2333
3333
2222
4444
2222
4444
2222
2232
1111
4444
3232
4343
3323
3333
2222
3333
3333
2222
2222
2323
1121
4343
3433
4443
4334
3345
3343
2222
4334
3333
4444
2222
2222
2222
2222
2222
2222
4444
4444
3333
4333
3333
5445
3333
4433
4345
5544
3312
3333
3333
1111
5444
3334
5544
3333