4443
3222
4332
2221
3331
4333
3322
2222
3332
3322
2331
3232
1111
1111
3442
3442
3442
3442
4343
3333
4333
3322
4332
2222
3333
3222
4433
4432
3333
3333
5555
3333
5555
4444
5555
3333
3333
1111
4443
3333
3343
3343
4443
4343
4344
4443
4333
4433
3233
3332
2333
3323
3333
3332
2222
2222
3333
3333
2222
3333
3222
1111
4444
4322
4443
4333
3333
2222
3333
3333
2222
2222
3333
1111
4444
3344
5443
4343
4444
3333
2222
4444
4444
5555
2222
2222
2222
2222
2222
2222
5444
4444
4444
4433
3333
5445
4444
3333
5334
4433
4333
4444
3333
1111
5554
3334
5554
3333