5534
3451
4355
1312
3333
1334
5535
1233
5433
2233
4444
4333
5434
3122
4333
3333
3333
4323
3333
3333
4444
3333
3333
1111
4444
3333
1111
1111
3333
3333
4444
3333
1111
1111
3333
3333
5435
3333
4433
4444
3442
4444
3333
3333
3333
3333
3333
2232
3223
3223
3322
2223
2222
2222
5435
2333
5432
5435
3453
5434
4433
4433
4334
4433
3333
3322
5443
1111
5555
5111
4345
2432
4445
4343
3443
3343
4434
4443
5435
3333
4444
4444
4444
3333
5435
3333
4444
4444
4444
3333
5444
5443
5443
5443
5443
5443
5453
3333
4433
4444
4444
3333
4334
3333
3444
3433
3534
3333
4445
3333
3443
3343
3435
3433
4333
3545
2243
3332
4332
1454
5433
4343
4334
3333
4444
3333
5434
4434
4434
4434
4434
4433
4533
3333
5555
3333
3333
3333