5534
3451
5535
3331
3334
1334
3232
4333
3432
4331
3333
3333
4333
4323
3433
4343
3344
3333
4444
3333
4444
1111
4233
1111
3333
3333
3333
3333
3333
3333
3333
3333
3333
3333
3333
3333
5445
4444
3333
4544
4444
5454
3333
3233
3323
2333
3323
2232
2233
3322
3332
3222
3222
2222
5435
2334
5442
5435
3453
5434
4333
3332
4333
4332
3333
4433
4454
1115
4555
4533
3555
3442
3343
4434
3334
4443
3343
4434
3333
3333
3333
3333
3333
3333
3333
3333
3333
3333
3333
3333
4444
4444
4444
4444
4444
4444
4444
4444
4444
4444
4444
4444
4333
4444
3334
3333
2333
4433
3343
4343
4433
3333
3434
3443
3333
4323
3432
3233
4323
3443
4444
3344
4444
4334
4433
4444
5445
4554
5444
4335
5445
4434
5555
5555
5555
3333
3333
3333