4333
1431
5535
1131
5231
1531
3332
4333
4332
3232
2222
3443
4334
3333
4343
4323
3333
3222
4444
3434
4444
2211
4333
2123
3333
3333
3333
2222
3333
3333
3333
3333
3333
2222
3333
3333
3333
3333
3333
4454
3443
4444
2332
3222
3323
2233
3332
2232
2223
3223
3333
3222
3332
2222
5435
2334
5433
5452
3453
5443
4433
4332
4433
3333
3333
4433
4445
1115
5555
4333
5335
3333
3433
4434
3343
4434
4433
3444
3333
3333
3333
3333
3333
3333
3333
3333
3333
3333
3333
3333
3333
3333
3333
3333
3333
3333
3333
3333
3333
3333
3333
3333
4334
4333
3444
3433
3343
4443
4334
3334
4334
3333
3433
3333
3323
4343
3334
3232
3243
4333
5344
4343
4433
3434
4343
3333
4454
4554
4554
4434
5454
4334
5555
5555
5555
3333
3333
3333