4543
1233
5534
3331
3334
1232
5323
4333
5553
3322
2232
3333
5433
5334
3233
3323
3333
3333
3333
4444
1111
1111
4444
2222
3333
4444
1111
1111
2222
3333
3333
4444
1111
1111
2222
3333
4344
4444
3333
4444
3333
4444
3233
3233
3323
3223
3333
3333
3232
3323
2232
3223
2222
2222
5332
3433
4443
5334
4453
3432
3332
4333
3333
4433
2232
4433
4454
1115
4555
4533
3555
3442
3434
4333
4443
3343
4334
3343
4344
4434
4444
3334
4444
4444
4344
4434
4444
3334
4444
4444
4334
3334
4334
3344
4344
4344
4344
4444
3333
4444
3333
4444
3443
4433
3333
4433
3433
3434
3333
4345
3333
2233
4443
3333
3343
4233
3332
4324
3342
4333
4444
4343
3333
4333
4343
4444
5445
4444
5435
4335
5445
4433
3333
3333
5555
3333
3333
3333