5355
3223
5333
3223
3333
3343
4345
2143
3215
2134
1423
3214
5554
5555
1115
1115
2223
3213
4343
1111
4452
2225
2223
2224
3333
1111
3333
1111
2345
3334
3425
4241
2423
1312
2211
1111
4234
3445
2334
1213
2324
3422
3345
3345
2233
1212
1111
2323
3434
2334
4445
5334
2233
2333
5334
3224
5433
1111
5542
5333
3344
3334
4455
3344
4344
3434
5333
4333
5433
1111
5542
5333
5333
3223
5433
1111
5542
5333
5334
2222
5444
1111
4432
5344
5355
3533
3333
2322
2325
2222
5355
3343
2333
2222
2233
1234
5334
4333
5333
1111
5542
5333
3323
2211
1111
1111
1111
2111
3433
3333
4344
4435
4435
5443
4444
4434
4445
4444
4445
5444
3345
3334
3345
3333
4445
3344