5543
3333
5533
2211
3322
3211
4235
4314
1423
2523
1344
2344
4435
3344
4344
3334
3333
4445
1111
1111
4444
1111
1111
1111
2222
1111
3333
2222
1111
2222
3425
1142
2445
1114
2345
2151
3234
3342
4434
3223
2233
3452
2312
2211
2122
2131
1231
2112
3434
2334
4445
5334
2233
2333
4342
1111
5443
1111
3342
2222
4334
3334
4444
4444
4344
4334
5333
1111
5433
3221
2211
2211
5444
1111
5544
2233
3332
2222
5444
1111
5444
1111
5433
4444
3322
2221
3331
4333
3221
3221
3322
2221
3332
5554
3211
3222
5444
1111
5543
4333
3433
4433
3322
2222
3222
2111
1111
2222
4443
4433
4334
4444
4444
4444
4443
4433
3333
3344
4444
4444
3334
3322
3334
3344
3344
4444