5433
3222
3333
2222
3332
3322
3425
3324
4315
3234
4422
3332
2234
3343
2223
2224
2233
3345
2222
1111
4444
3334
1111
1111
2222
1122
3234
2211
2321
1112
1454
3224
2415
1312
2221
1111
3234
3324
4334
2134
2113
3223
2121
1212
1122
1212
2121
1111
3433
4333
4434
4432
2222
2112
5432
1111
5444
1111
3333
2222
3333
3333
3434
4334
4444
4434
5432
1111
5552
3331
3322
2221
5432
1111
5522
3333
3322
2222
5354
1111
5443
1111
5443
4343
3343
3334
4331
3323
3353
4433
5333
2211
4321
3322
3222
4333
5432
1111
5522
3333
3333
2221
2212
2211
3321
1111
1111
1111
4343
3443
4433
4444
3334
3433
4344
4333
4444
4444
3333
5443
3323
2221
3332
2223
3333
3334