5443
4333
4322
3322
4332
3222
3421
2315
4423
1442
2343
2342
3345
3344
3445
3334
4345
5445
1111
1111
4444
1111
1111
1111
1111
1122
2234
1111
1121
1111
2145
1132
4412
1254
2232
1453
3342
3242
3444
2323
3322
4334
1212
2121
1122
2211
2112
1111
5432
1111
5522
3333
3322
2222
4332
1111
5432
1111
3332
2221
3242
3232
3353
3334
3333
3444
5432
1111
5552
3331
2221
2221
5444
1111
5544
3323
2221
2221
5344
1111
5433
1111
5432
4434
4433
5533
3323
5444
3222
3322
3222
2211
4332
5444
3222
3332
5444
1111
5444
3333
3333
4433
3222
2222
2211
2111
1111
1111
4333
3323
3333
4334
4433
4443
4322
3333
4332
4434
4433
5543
4333
3323
3333
4334
4433
4444