3343
2332
3432
3234
3333
2231
3333
2332
3333
3431
3331
3333
5553
1111
4111
1111
2111
1111
5435
1113
3333
2111
4444
3333
3215
2341
4254
3125
4313
2231
3322
4332
3443
3443
2442
3432
4444
2433
5444
4444
3343
4554
2434
5342
3332
4545
3433
5545
3434
1241
3234
1441
1212
3542
5555
2222
3333
3333
5555
3333
5445
3453
3442
3453
4433
1121
3434
3434
3333
3232
3333
2323
3433
3234
3425
1532
2135
3241
3434
3433
4432
4432
5544
3332
3445
3243
3333
3333
3333
4333
3434
3324
3353
3333
5244
2412
3435
3435
3313
4444
3333
3412