3342
2443
4544
3232
3343
4333
3333
2132
3433
3432
2232
3232
1332
1111
3233
1111
2333
2223
3333
2232
4445
3434
2434
2344
3454
4232
4343
3245
2134
1253
3242
3241
3442
3443
3443
4443
4345
3333
5555
4443
4544
3343
5334
4325
5434
5432
5344
4543
2232
2442
5444
3432
5332
3432
5453
2433
5545
5442
5355
5425
2232
3445
5234
3334
4443
5434
4443
3443
3333
3442
3433
3443
4444
4333
4433
3433
3333
2222
5444
5432
5434
3235
3432
2323
5445
4545
4445
3334
3333
3333
5444
4444
4444
3434
3333
3333
4334
3541
4323
4343
3333
5245
5445
4444
3345
3334
3343
3344