3242
3334
2232
2243
2343
3243
3333
2332
3333
4332
3332
3332
2233
2211
3343
1111
3344
1122
4444
1122
4434
3433
3334
3232
3214
5342
3214
2243
1345
2334
3241
3241
3443
3442
3442
3442
5454
2222
5554
4333
4332
4332
5435
3432
5343
5433
5343
5434
5242
2431
5242
3432
3231
4332
5444
3543
5333
4454
4434
5434
3333
3442
3333
3443
3443
5332
5444
4443
3333
4334
3223
2222
4324
3243
4343
3423
2134
2334
5444
5444
3334
5555
3434
3333
5342
4342
3443
4444
4322
4444
5342
4231
1453
4334
5435
3232
3343
4333
3333
5435
5445
4334