3342
4243
3444
2333
5344
3342
3333
3242
3443
2233
3222
2222
1235
1122
2233
1111
4344
3223
5344
1233
4434
3333
3344
3333
3421
2142
4231
2245
1234
3242
3342
2242
3443
3443
3442
3332
5445
3333
4545
4533
5544
5444
4443
5432
3332
4545
5433
5445
5343
1232
5443
1222
2232
3322
3445
5553
5232
2433
3213
5455
3333
4444
5555
1222
5444
5452
3333
4344
4433
3322
2322
2222
5432
3425
4325
3324
5432
3434
5433
4444
3533
3533
2433
2333
4344
4334
4434
5423
3323
3442
4233
5314
3354
5414
5435
3352
3435
4345
3453
3333
3434
3454