5455
5444
4434
5445
4444
4444
5443
1111
4443
3222
4343
2222
5333
2222
5434
2222
5444
2222
5445
2232
3343
3333
5454
2222
4444
3334
4444
3333
3333
4444
5455
4455
5445
4444
5444
4444
5455
4444
4434
5445
5444
4444
4342
3333
4533
2332
3332
3232
5444
4343
4443
2322
3332
2333
5433
2333
4434
5445
3333
2233
4333
3333
4443
2333
3323
2323
3334
2322
1232
1232
3332
1112
1221
2332
1232
1221
2332
1123
3334
2133
2343
1234
1244
1231
5343
3235
3211
1212
4212
2112
1323
4243
4353
4234
3232
3333
3334
2232
1232
1232
1241
1112
5444
4444
4444
4444
3333
4343
3333
2322
4333
2222
3323
3323
3333
2232
1232
1232
3222
3321
4433
4443
5544
4444
3244
5444