5455
5444
4434
5445
4444
4444
4444
1111
4443
3222
4343
2222
4344
2222
5444
2222
4444
2222
5443
2222
4343
3323
4444
2333
4444
3334
4444
3333
3333
5455
4344
4344
5444
4444
4344
4444
4445
4444
5445
4444
4434
4444
3333
3332
4434
3322
4334
3333
5433
4343
3332
2222
3221
3211
5433
3333
4333
3423
4433
2333
4444
3333
4545
3322
3444
3334
2132
2222
1111
2222
4221
1111
1232
2232
1213
2232
1211
1111
1345
2434
2114
1115
1224
1114
4333
3333
2133
2333
1123
1121
2323
1232
4321
2321
5432
5342
2232
2222
3332
1111
1232
1111
5444
4432
5443
4443
4444
4444
5555
4444
4444
5444
4444
3333
3322
2222
2222
1111
2331
2111
4444
4444
5444
4444
4444
5444