5455
4444
4434
5445
4444
4444
4444
1111
4443
3222
4343
2222
3343
2222
3333
2222
4444
2222
4444
2222
4444
3323
4443
2322
4444
3334
4444
3333
3333
5455
4344
4344
4344
4344
4444
4444
5455
4434
4444
4334
5444
5444
4333
3332
4434
3322
4434
4343
5453
4433
4444
2323
3233
2323
5433
3333
4333
4323
5333
2232
5433
4433
5545
2232
3333
3323
2112
1121
2111
1131
1111
4324
2213
1221
2111
1311
1321
1111
1224
2225
1111
2225
1234
1125
4212
3231
2111
1111
3231
4433
3412
4222
5233
1323
1223
2434
2231
2231
2232
1111
2322
1111
4444
4444
3333
4333
4444
4444
4444
4434
4433
3222
4333
4444
3221
2223
3211
3312
2211
4112
5444
5444
5444
4433
5433
5433