4445
4444
4334
4444
4433
4444
4333
1111
3122
3221
3333
2222
4443
2212
4333
2222
3343
3333
4444
3222
4444
4433
5444
3333
4445
4334
4445
4344
4545
4344
4445
4434
4444
4344
4344
4444
4445
3434
4443
5444
4333
4444
3233
1121
4532
2322
3444
2323
5434
3343
5344
5343
3223
3222
5444
3343
5433
5533
2323
3222
5444
3343
5545
2322
3233
4332
5451
1114
3322
2132
1134
1111
1455
1114
3322
2112
1121
1111
5451
1111
3322
1243
1134
1221
5451
1123
3322
1233
1132
1111
3223
4343
5434
2323
1221
1211
5451
1111
3322
1232
1132
1211
3444
4444
4333
5433
2225
1233
5433
2121
4232
2121
3234
1112
5451
1114
3322
1232
1112
1111
5353
5243
5554
2332
4344
3332