3333
1333
3232
4332
4544
3433
5453
1313
5433
1111
3433
5455
5453
5333
4334
5544
4255
5332
5453
1111
3433
1212
3341
1111
5453
1111
4433
4433
3333
4433
5453
1111
3331
5441
4444
4444
5453
1111
1111
5414
4444
4444
4432
4431
2332
2222
3222
3222
3344
2222
3333
1111
3344
4322
5455
1311
1334
4333
3344
2222
5445
1334
4341
3344
3243
3333
1545
1545
5545
3555
3554
3555
5553
5553
4433
4153
1111
1111
5555
5555
1111
1111
1111
1111
5453
1111
3333
2222
4444
4444
5453
1111
2323
3232
5454
4554
5453
1111
3333
3221
4242
5454
5453
1111
3343
2222
5434
4433
3333
4333
2232
2222
3333
2222
4344
2223
4333
2333
3333
3233