5445
1221
4344
3445
4544
4444
5444
3323
3444
1111
3333
4444
5333
3132
4232
5313
3353
5123
5544
1111
5433
2211
5443
1111
5443
1111
4433
4433
4444
4444
5555
1111
1111
3322
4234
2334
4333
3333
5433
4333
3333
4333
4443
4443
3332
4444
4444
3332
3333
1111
3321
1111
3321
3333
5555
1111
4444
3333
4444
3333
3434
5434
4434
4443
3344
4434
2222
5434
5545
4352
3443
2524
5555
1111
5555
1111
1111
1111
5555
1111
5555
1111
1111
1111
5555
1111
3433
1111
4444
3333
4342
1212
3213
3123
2323
1212
4343
2222
3232
4242
4444
5555
4444
2222
3333
1111
2222
1111
3233
1111
4334
2223
2333
2222
4334
1111
3333
2332
3332
3332