4554
1222
4455
4455
3454
5545
5445
1222
3434
1111
3334
3353
5233
4112
4122
5513
4353
5233
5544
1111
5443
3211
5443
1111
5453
1111
5454
5433
4444
4444
4343
2222
3321
1111
3233
2221
5333
5555
4333
3333
5333
3333
4444
5444
4444
4444
4444
3332
4445
1111
3321
1111
3321
3333
5555
1111
4444
4444
5555
3333
4344
5445
4444
5445
4444
4334
3455
5355
5544
3534
4333
5344
5555
1111
5555
1111
1111
1111
5555
1111
5555
1111
1111
1111
5555
1111
4333
5554
5433
5333
4354
1111
3212
4345
3234
3213
2233
2222
1111
2222
2222
5555
3333
2222
3333
1111
2222
5551
3222
4343
2112
3222
3333
2222
4334
1111
3333
2332
3332
3332