4554
1244
4344
5445
4455
3444
5453
1111
3333
4334
3333
5444
5333
3121
3113
4343
1155
5234
5453
1111
5433
2211
5444
1111
4443
1111
5444
4433
4433
4444
5555
1111
1111
3422
4334
3343
5333
5555
3333
3333
5433
5335
4444
4444
4444
4444
5444
5444
4433
1111
4444
3333
5253
5551
5555
1111
3443
2222
4444
2222
4344
5444
5444
5444
4334
3434
5345
1555
5545
3535
5344
3455
5555
4444
4444
4444
1111
1111
5555
5555
5555
5555
5555
4425
5555
3333
3433
1111
4444
3333
5555
1145
1111
3233
4334
3443
5454
3333
2121
3232
4344
4444
3333
2222
4343
2222
3332
1111
2323
4333
1223
3333
3232
3222
4344
1111
3333
2212
3332
3332