4342
1213
5344
3332
5234
2433
4343
4334
3433
3434
4444
3333
3333
4444
4444
3333
4444
3333
5343
2222
5444
2222
4232
1221
3523
1111
4544
3243
2112
3344
3251
1111
4544
1111
4444
5454
5445
4322
4344
3333
4344
4333
4444
1111
3333
2222
4444
5555
4444
1111
3333
2222
4444
5555
3243
1111
3323
4444
3123
3434
5432
1211
5322
4242
5434
5424
3333
1111
2222
3333
3333
4444
5545
4323
4444
3333
4444
4333
5545
4444
3333
3333
3333
2222
5555
3333
5555
3321
4443
4432
5555
5555
5555
4444
4444
4444
5454
3454
5554
3243
5553
5555
6545
5364
2622
6355
5635
2111