3323
4232
1131
2341
3433
2131
4444
3434
4444
3333
4444
4444
4444
4444
3333
4444
4444
4444
4343
1111
3333
3232
3222
5543
5333
1111
2232
1111
4432
2222
4355
1111
5555
1121
4444
1212
4444
2232
5454
4554
4554
4333
4444
2222
5555
1111
5555
2234
4244
1111
4354
1121
5454
2232
3343
1111
4444
1121
4343
3233
4335
4543
3454
2221
4343
2324
3245
1111
4435
1121
3443
2223
4444
2222
5454
4544
4554
3333
4335
1111
5544
4554
3435
2232
5444
3343
5555
2433
3344
3333
3333
4443
5554
3333
4443
4443
5554
5555
5455
5551
5454
5354
5454
3431
5224
4435
1111
1451