5353
5333
5343
5544
3333
4333
5243
2331
4533
4533
4533
3232
3231
1231
4453
5542
3443
5542
5353
3333
5353
4343
5333
5454
5353
3333
5343
5435
3333
3333
4342
3432
4332
4434
4343
4343
5343
4333
5423
5433
5433
4433
5433
4433
5544
4444
4543
5444
4233
4223
3332
4421
3234
2323
5343
5333
5423
3333
5433
3333
5355
5355
3333
5333
5333
5343
4343
4343
3555
5355
4434
4343
5433
5432
5423
3333
5433
3323
4352
3221
3321
2211
3311
1111
5353
5353
5353
5353
4343
5454
4433
4443
4443
5554
4333
5344
5343
4333
5433
5433
5432
4433
5355
5355
5355
5355
5333
5333
5352
5343
5543
5543
5533
5542