5343
2222
5443
4343
4343
3333
4343
2322
4532
3432
3532
3322
4333
5341
3432
5442
5542
5443
4444
3333
5554
4343
4333
4444
5353
3333
5343
5435
3333
3333
4343
4333
4321
3231
4342
3242
3432
4533
5433
4433
5342
4334
4444
4444
5444
4444
4434
4444
3343
4334
2342
3434
4223
2432
5333
5432
4332
5322
5333
4443
5443
5433
5333
5444
5333
5543
4454
4444
4554
4554
4454
4454
5553
5444
5433
3343
4322
5443
3333
3322
2233
3322
3333
3322
5454
5453
5354
5454
5353
5454
4544
5454
5534
4445
5445
5445
5444
4444
5444
5343
5444
5443
5455
4434
5445
5344
5444
5554
5443
4333
5533
5443
4433
5433