5333
2222
5544
5443
3333
3333
5343
2321
3433
4432
3432
3222
5342
3321
5522
5532
3432
5541
5443
3333
5444
4444
5333
4343
5353
3333
5343
5435
3333
3333
1234
4334
4432
2233
4324
1334
5433
4332
5233
4334
5233
4433
4444
5454
5544
4433
4444
5454
4434
5343
4334
3443
3322
4434
5433
3322
5444
5343
4332
5333
5333
5443
3333
3333
3333
3333
4444
4454
3555
5554
4343
4443
5534
4434
5332
4443
5342
4322
4433
3322
3322
3222
2232
2222
5353
5454
4343
5353
4343
5454
4444
5434
4553
5554
5454
4444
5443
4332
5433
5432
4433
4333
5455
4434
5445
5344
4333
5454
5242
3322
5533
5433
4333
3332