5333
2222
5343
4443
4333
3333
4343
2232
4533
3532
3532
3332
4333
5441
3432
5442
5542
3443
4444
3333
5453
4343
4444
4444
5353
3333
5343
5435
3333
3333
1144
1134
1123
1124
1234
1243
4332
5343
4433
5423
3452
4433
5444
5444
4444
4444
4443
4444
3444
4234
3342
4444
3222
2233
5533
5433
4333
4332
4333
5443
5433
5333
5333
3333
3333
5444
4454
3333
4554
4544
4444
4433
5444
4433
5342
5433
4332
5322
3233
2222
3322
2222
3322
3322
5353
4343
5353
5454
5353
4343
5444
5434
4453
3454
5344
4554
4343
4333
5433
5442
5343
5433
5455
5333
5444
3444
4434
5455
4433
3332
5533
5332
5433
5332